[Project1] 85477 1587757230.177270159 1587757230.929270563
[Project1] 85479 1587757231.675174162 1587757232.421728885
[Project1] 85482 1587757233.164278665 1587757233.945777129
[Project1] 85484 1587757234.689405905 1587757235.442412165
[Project1] 85486 1587757236.200798454 1587757236.949281804
[Project1] 85489 1587757237.698836153 1587757238.458890993
[Project1] 85491 1587757239.207069256 1587757240.010589720
[Project1] 85494 1587757240.765399396 1587757241.519120989
[Project1] 85496 1587757242.268794961 1587757243.016120774
[Project1] 85499 1587757243.789202591 1587757244.541834527
